            Real       Dec           Imaginary       Dec
1111111011000010      -318    0000000000000000         0
1111111101100111      -153    0000000100001011       267
1111111011011110      -290    1111111100011011      -229
0000000010110110       182    0000000001100101       101
0000000010011111       159    0000000000000000         0
0000000010111000       184    1111111110011011      -101
1111111011011111      -289    0000000011100100       228
1111111101101000      -152    1111111011110110      -266
            Real       Dec           Imaginary       Dec
0000000001010011        83    0000000000000000         0
1111111111110011       -13    1111111111101000       -24
1111111111010010       -46    1111111110110101       -75
1111111100100010      -222    0000000000100101        37
0000000111111011       507    0000000000000000         0
1111111100100011      -221    1111111111011010       -38
1111111111010010       -46    0000000001001010        74
1111111111110100       -12    0000000000010110        22
            Real       Dec           Imaginary       Dec
0000000001111000       120    0000000000000000         0
0000000000000010         2    1111111100010100      -236
0000000001000101        69    0000000010011101       157
0000000010100001       161    0000000011110111       247
0000000000001011        11    0000000000000000         0
0000000010100011       163    1111111100001000      -248
0000000001000100        68    1111111101100011      -157
0000000000000010         2    0000000011101010       234
            Real       Dec           Imaginary       Dec
1111111101110001      -143    0000000000000000         0
0000000001111010       122    0000000001000010        66
1111111110111101       -67    0000000010101101       173
0000000000011000        24    0000000000010000        16
0000000000010000        16    0000000000000000         0
0000000000011001        25    1111111111110000       -16
1111111110111101       -67    1111111101010011      -173
0000000001111001       121    1111111110111110       -66
            Real       Dec           Imaginary       Dec
1111111011101011      -277    0000000000000000         0
1111111111010001       -47    1111111111001111       -49
1111111101010111      -169    0000000010111001       185
0000000011100000       224    1111111010110110      -330
0000000011000010       194    0000000000000000         0
0000000011100010       226    0000000101001001       329
1111111101010111      -169    1111111101000111      -185
1111111111010010       -46    0000000000101111        47
            Real       Dec           Imaginary       Dec
1111111101000111      -185    0000000000000000         0
0000000001110100       116    1111111011101001      -279
1111111110000101      -123    1111111110100100       -92
0000000000000110         6    1111111101100101      -155
0000000001101010       106    0000000000000000         0
0000000000000111         7    0000000010011010       154
1111111110000101      -123    0000000001011011        91
0000000001110011       115    0000000100010011       275
            Real       Dec           Imaginary       Dec
0000000000011111        31    0000000000000000         0
1111111101001100      -180    1111111101011111      -161
0000000001011010        90    1111111100110000      -208
0000000010001000       136    1111111100110010      -206
1111111010100000      -352    0000000000000000         0
0000000010001001       137    0000000011001110       206
0000000001011001        89    0000000011001111       207
1111111101001110      -178    0000000010011111       159
            Real       Dec           Imaginary       Dec
1111111010101111      -337    0000000000000000         0
1111111111110001       -15    1111111111011000       -40
0000000001010011        83    0000000001001010        74
1111111110001110      -114    0000000100001011       267
0000000011010000       208    0000000000000000         0
1111111110001111      -113    1111111011110101      -267
0000000001010010        82    1111111110110110       -74
1111111111110010       -14    0000000000100110        38
            Real       Dec           Imaginary       Dec
0000000100011100       284    0000000000000000         0
1111111110101111       -81    0000000000011111        31
0000000100100001       289    1111111111000011       -61
1111111111111111        -1    0000000010001100       140
1111111100011110      -226    0000000000000000         0
0000000000000000         0    1111111101110011      -141
0000000100011111       287    0000000000111100        60
1111111110110001       -79    1111111111100000       -32
            Real       Dec           Imaginary       Dec
1111111111010011       -45    0000000000000000         0
0000000000110001        49    0000000000010010        18
1111111111101001       -23    0000000011101101       237
0000000101101000       360    0000000000010010        18
1111111111110111        -9    0000000000000000         0
0000000101101001       361    1111111111101110       -18
1111111111101001       -23    1111111100010011      -237
0000000000110001        49    1111111111101110       -18
            Real       Dec           Imaginary       Dec
0000000110100100       420    0000000000000000         0
1111111111011101       -35    0000000000010010        18
1111111110100101       -91    0000000001100010        98
0000000001000110        70    0000000011011011       219
1111111100110010      -206    0000000000000000         0
0000000001001000        72    1111111100100100      -220
1111111110100101       -91    1111111110011110       -98
1111111111011110       -34    1111111111101101       -19
            Real       Dec           Imaginary       Dec
1111111110011101       -99    0000000000000000         0
0000000000110010        50    1111111110100110       -90
1111111110111010       -70    1111111011111110      -258
0000000100000101       261    0000000011111001       249
1111111111010111       -41    0000000000000000         0
0000000100000110       262    1111111100000110      -250
1111111110111010       -70    0000000100000000       256
0000000000110010        50    0000000001011000        88
            Real       Dec           Imaginary       Dec
1111111010010010      -366    0000000000000000         0
1111111011110110      -266    0000000001001001        73
0000000010110101       181    1111111110010000      -112
0000000010000110       134    0000000001001110        78
1111111101001110      -178    0000000000000000         0
0000000010000111       135    1111111110110001       -79
0000000010110100       180    0000000001101111       111
1111111011111001      -263    1111111110110110       -74
            Real       Dec           Imaginary       Dec
0000000100000000       256    0000000000000000         0
1111111101001101      -179    0000000010000100       132
1111111010110011      -333    1111111111100000       -32
1111111110111101       -67    0000000010001111       143
1111111111010100       -44    0000000000000000         0
1111111110111111       -65    1111111101110000      -144
1111111010110100      -332    0000000000011111        31
1111111101001111      -177    1111111101111011      -133
            Real       Dec           Imaginary       Dec
0000000010101101       173    0000000000000000         0
1111111110001000      -120    0000000000001111        15
1111111011110010      -270    1111111111110100       -12
0000000000001000         8    1111111110001110      -114
1111111100001101      -243    0000000000000000         0
0000000000001001         9    0000000001110010       114
1111111011110011      -269    0000000000001011        11
1111111110001010      -118    1111111111110000       -16
            Real       Dec           Imaginary       Dec
0000000100001111       271    0000000000000000         0
0000000011001010       202    1111111111001010       -54
0000000000001110        14    0000000000001101        13
0000000011111011       251    1111111110110001       -79
1111111100001111      -241    0000000000000000         0
0000000011111101       253    0000000001001111        79
0000000000001101        13    1111111111110011       -13
0000000011001010       202    0000000000110100        52
            Real       Dec           Imaginary       Dec
0000000001110111       119    0000000000000000         0
0000000010000010       130    0000000100000101       261
0000000011100111       231    1111111110010101      -107
0000000001010110        86    0000000000110111        55
1111111110001001      -119    0000000000000000         0
0000000001010111        87    1111111111001001       -55
0000000011100110       230    0000000001101010       106
0000000010000001       129    1111111011111100      -260
            Real       Dec           Imaginary       Dec
0000000010110001       177    0000000000000000         0
1111111101101100      -148    0000000011101011       235
0000000001110011       115    0000000010001000       136
0000000010011011       155    1111111111011001       -39
1111111011000000      -320    0000000000000000         0
0000000010011101       157    0000000000100110        38
0000000001110010       114    1111111101111000      -136
1111111101101101      -147    1111111100010101      -235
            Real       Dec           Imaginary       Dec
1111111111001101       -51    0000000000000000         0
1111111100111010      -198    0000000100000011       259
1111111111101101       -19    0000000100101110       302
1111111110010010      -110    1111111110010001      -111
1111111100000101      -251    0000000000000000         0
1111111110010100      -108    0000000001101110       110
1111111111101101       -19    1111111011010011      -301
1111111100111100      -196    1111111011111110      -258
            Real       Dec           Imaginary       Dec
1111111110111110       -66    0000000000000000         0
1111111110101011       -85    1111111111010101       -43
1111111101111011      -133    0000000000010110        22
0000000100100100       292    1111111111010110       -42
1111111101011100      -164    0000000000000000         0
0000000100100101       293    0000000000101010        42
1111111101111011      -133    1111111111101010       -22
1111111110101100       -84    0000000000101001        41
            Real       Dec           Imaginary       Dec
1111111100100011      -221    0000000000000000         0
1111111011111101      -259    0000000011001001       201
0000000100001110       270    1111111011110110      -266
0000000000011101        29    0000000000101111        47
0000000010110100       180    0000000000000000         0
0000000000011110        30    1111111111010001       -47
0000000100001100       268    0000000100001000       264
1111111100000000      -256    1111111100110111      -201
            Real       Dec           Imaginary       Dec
1111111111000000       -64    0000000000000000         0
1111111011100011      -285    1111111011111110      -258
0000000010111011       187    0000000000000001         1
1111111111111001        -7    1111111111010100       -44
1111111111010100       -44    0000000000000000         0
1111111111111011        -5    0000000000101011        43
0000000010111010       186    1111111111111111        -1
1111111011100110      -282    0000000011111111       255
            Real       Dec           Imaginary       Dec
1111111111001101       -51    0000000000000000         0
1111111101111011      -133    0000000000001011        11
0000000000110001        49    0000000001010000        80
0000000011111010       250    0000000000110100        52
1111111010011100      -356    0000000000000000         0
0000000011111100       252    1111111111001011       -53
0000000000110000        48    1111111110110000       -80
1111111101111100      -132    1111111111110100       -12
            Real       Dec           Imaginary       Dec
1111111000101111      -465    0000000000000000         0
0000000100000110       262    1111111111110100       -12
0000000010001110       142    1111111110110110       -74
1111111111000000       -64    1111111111110011       -13
1111111100001111      -241    0000000000000000         0
1111111111000010       -62    0000000000001101        13
0000000010001101       141    0000000001001001        73
0000000100000100       260    0000000000001010        10
            Real       Dec           Imaginary       Dec
1111111111101000       -24    0000000000000000         0
0000000100011110       286    1111111011111011      -261
1111111111110100       -12    1111111111000110       -58
1111111011001010      -310    0000000011001011       203
0000000000101111        47    0000000000000000         0
1111111011001011      -309    1111111100110101      -203
1111111111110100       -12    0000000000111001        57
0000000100011100       284    0000000100000001       257
            Real       Dec           Imaginary       Dec
0000000100100110       294    0000000000000000         0
1111111110101010       -86    1111111111001010       -54
1111111110110111       -73    0000000001010110        86
1111111110100111       -89    1111111111101010       -22
1111111001001001      -439    0000000000000000         0
1111111110101000       -88    0000000000010101        21
1111111110110111       -73    1111111110101010       -86
1111111110101011       -85    0000000000110011        51
            Real       Dec           Imaginary       Dec
1111111001001100      -436    0000000000000000         0
1111111101100011      -157    1111111100111101      -195
0000000001110100       116    1111111110000101      -123
1111111011010110      -298    0000000001001001        73
0000000010111101       189    0000000000000000         0
1111111011011000      -296    1111111110110111       -73
0000000001110011       115    0000000001111010       122
1111111101100100      -156    0000000011000000       192
            Real       Dec           Imaginary       Dec
0000000000000101         5    0000000000000000         0
1111111111000000       -64    0000000010101001       169
1111111111110111        -9    1111111111100010       -30
1111111100111011      -197    1111111111100101       -27
1111111000110110      -458    0000000000000000         0
1111111100111100      -196    0000000000011010        26
1111111111110111        -9    0000000000011101        29
1111111111000001       -63    1111111101010111      -169
            Real       Dec           Imaginary       Dec
1111111111001111       -49    0000000000000000         0
1111111000101110      -466    1111111011100101      -283
1111111111101010       -22    0000000001000100        68
0000000000000010         2    0000000001101011       107
0000000000101000        40    0000000000000000         0
0000000000000011         3    1111111110010101      -107
1111111111101010       -22    1111111110111100       -68
1111111000110001      -463    0000000100010111       279
            Real       Dec           Imaginary       Dec
0000000000110010        50    0000000000000000         0
1111111111101111       -17    0000000011100000       224
0000000000100100        36    0000000101001101       333
1111111111111011        -5    1111111101101100      -148
1111111101000100      -188    0000000000000000         0
1111111111111101        -3    0000000010010011       147
0000000000100011        35    1111111010110100      -332
1111111111110001       -15    1111111100100000      -224
            Real       Dec           Imaginary       Dec
0000001000100011       547    0000000000000000         0
0000000000100000        32    1111111111110010       -14
0000000001001100        76    1111111110110110       -74
1111111111100100       -28    1111111100001111      -241
0000000010000010       130    0000000000000000         0
1111111111100110       -26    0000000011110001       241
0000000001001011        75    0000000001001001        73
0000000000011111        31    0000000000001100        12
            Real       Dec           Imaginary       Dec
1111111100110111      -201    0000000000000000         0
0000000010001001       137    0000000000100000        32
1111111101101010      -150    0000000001011100        92
1111111010110010      -334    0000000001101011       107
0000000001101100       108    0000000000000000         0
1111111010110100      -332    1111111110010100      -108
1111111101101010      -150    1111111110100100       -92
0000000010001001       137    1111111111011111       -33
            Real       Dec           Imaginary       Dec
0000000010000111       135    0000000000000000         0
0000000001010111        87    1111111101010010      -174
0000000011100010       226    0000000001011101        93
0000000010101010       170    0000000001001010        74
1111111110010111      -105    0000000000000000         0
0000000010101100       172    1111111110110110       -74
0000000011100001       225    1111111110100011       -93
0000000001010111        87    0000000010101011       171
            Real       Dec           Imaginary       Dec
0000000011000000       192    0000000000000000         0
1111111111000100       -60    1111111111011101       -35
1111111101101110      -146    1111111110101000       -88
1111111111110110       -10    0000000011111000       248
1111111100000100      -252    0000000000000000         0
1111111111111000        -8    1111111100000111      -249
1111111101101110      -146    0000000001010111        87
1111111111000110       -58    0000000000100001        33
            Real       Dec           Imaginary       Dec
1111111101010101      -171    0000000000000000         0
0000000010011011       155    0000000010010001       145
1111111011110101      -267    0000000001100010        98
0000000000001111        15    0000000100100010       290
0000000001101110       110    0000000000000000         0
0000000000010000        16    1111111011011110      -290
1111111011110110      -266    1111111110011110       -98
0000000010011010       154    1111111101101110      -146
            Real       Dec           Imaginary       Dec
0000000010001001       137    0000000000000000         0
1111111110010000      -112    0000000010100111       167
0000000000000111         7    0000000011100010       226
0000000011110111       247    1111111101001110      -178
0000000001101110       110    0000000000000000         0
0000000011111001       249    0000000010110010       178
0000000000000110         6    1111111100011110      -226
1111111110010001      -111    1111111101011000      -168
            Real       Dec           Imaginary       Dec
1111111101101011      -149    0000000000000000         0
1111111111111110        -2    1111111110110010       -78
0000000000100100        36    0000000000101001        41
0000000000011011        27    1111111110101101       -83
1111110101100001      -671    0000000000000000         0
0000000000011101        29    0000000001010011        83
0000000000100011        35    1111111111010111       -41
1111111111111111        -1    0000000001001100        76
            Real       Dec           Imaginary       Dec
0000000010111011       187    0000000000000000         0
0000000001000100        68    0000000001011000        88
0000000000001010        10    0000000110100110       422
0000000001111001       121    1111111110000011      -125
0000000011010010       210    0000000000000000         0
0000000001111011       123    0000000001111101       125
0000000000001001         9    1111111001011011      -421
0000000001000100        68    1111111110100111       -89
            Real       Dec           Imaginary       Dec
1111111011101001      -279    0000000000000000         0
1111111111011001       -39    0000000011111001       249
1111111100010010      -238    1111111110010011      -109
0000000000011001        25    0000000000100011        35
1111111100111011      -197    0000000000000000         0
0000000000011010        26    1111111111011101       -35
1111111100010010      -238    0000000001101100       108
1111111111011011       -37    1111111100000111      -249
            Real       Dec           Imaginary       Dec
0000000100010001       273    0000000000000000         0
1111111101011000      -168    1111111011010011      -301
0000000001010011        83    0000000000110100        52
1111111100011001      -231    0000000001001001        73
1111111011101100      -276    0000000000000000         0
1111111100011010      -230    1111111110110111       -73
0000000001010010        82    1111111111001100       -52
1111111101011001      -167    0000000100101001       297
            Real       Dec           Imaginary       Dec
1111111011100010      -286    0000000000000000         0
0000000010001011       139    0000000001110011       115
0000000001001001        73    1111111011110111      -265
0000000010011100       156    0000000011010110       214
1111111100000010      -254    0000000000000000         0
0000000010011110       158    1111111100101001      -215
0000000001001000        72    0000000100000111       263
0000000010001011       139    1111111110001100      -116
            Real       Dec           Imaginary       Dec
1111111100100001      -223    0000000000000000         0
0000000010011001       153    0000000011010001       209
1111111111111010        -6    0000000001001000        72
1111111101001010      -182    0000000000001011        11
1111111011101100      -276    0000000000000000         0
1111111101001011      -181    1111111111110101       -11
1111111111111010        -6    1111111110111000       -72
0000000010011001       153    1111111100101111      -209
            Real       Dec           Imaginary       Dec
1111111111010010       -46    0000000000000000         0
0000000010110110       182    1111111100001101      -243
1111111101110111      -137    0000000001111000       120
0000000000110100        52    1111111100101001      -215
1111111100011100      -228    0000000000000000         0
0000000000110101        53    0000000011010110       214
1111111101110111      -137    1111111110001000      -120
0000000010110101       181    0000000011110000       240
            Real       Dec           Imaginary       Dec
1111111110010111      -105    0000000000000000         0
0000000001110001       113    0000000000000000         0
0000000010100000       160    0000000010110001       177
1111111111100101       -27    0000000001001011        75
1111111010000100      -380    0000000000000000         0
1111111111100111       -25    1111111110110100       -76
0000000010011111       159    1111111101001111      -177
0000000001110000       112    1111111111111111        -1
            Real       Dec           Imaginary       Dec
1111111101100000      -160    0000000000000000         0
1111111111101110       -18    1111111100010010      -238
1111111101101111      -145    1111111101001001      -183
1111111010001011      -373    1111111111011110       -34
0000000011011101       221    0000000000000000         0
1111111010001101      -371    0000000000100001        33
1111111101101111      -145    0000000010110110       182
1111111111101111       -17    0000000011101011       235
            Real       Dec           Imaginary       Dec
0000000001011001        89    0000000000000000         0
1111111100010011      -237    1111111110000100      -124
1111111101110101      -139    1111111100010110      -234
0000000001000111        71    1111111101101101      -147
1111111001111110      -386    0000000000000000         0
0000000001001000        72    0000000010010011       147
1111111101110101      -139    0000000011101001       233
1111111100010101      -235    0000000001111010       122
            Real       Dec           Imaginary       Dec
1111111111110000       -16    0000000000000000         0
1111111111111111        -1    0000000010000111       135
0000000011100010       226    0000000000001000         8
0000000000000000         0    1111111110010101      -107
1111111111101110       -18    0000000000000000         0
0000000000000000         0    0000000001101010       106
0000000011100001       225    1111111111111000        -8
0000000000000000         0    1111111101111001      -135
            Real       Dec           Imaginary       Dec
0000000011100010       226    0000000000000000         0
0000000000110110        54    1111111111011100       -36
0000000010001111       143    0000000011001101       205
1111111100100001      -223    1111111011110111      -265
1111111100111110      -194    0000000000000000         0
1111111100100010      -222    0000000100001000       264
0000000010001110       142    1111111100110011      -205
0000000000110110        54    0000000000100010        34
            Real       Dec           Imaginary       Dec
1111111101010011      -173    0000000000000000         0
0000000000110001        49    1111111010110100      -332
1111111111101011       -21    0000000001101111       111
0000000101110000       368    1111111111000000       -64
0000000000110010        50    0000000000000000         0
0000000101110001       369    0000000000111111        63
1111111111101011       -21    1111111110010001      -111
0000000000110001        49    0000000101001000       328
            Real       Dec           Imaginary       Dec
1111111101101010      -150    0000000000000000         0
0000000011110001       241    1111111010100011      -349
1111111111011000       -40    1111111111110000       -16
1111111110100101       -91    1111111111101101       -19
1111111110010010      -110    0000000000000000         0
1111111110100111       -89    0000000000010010        18
1111111111011000       -40    0000000000001111        15
0000000011110000       240    0000000101011001       345
            Real       Dec           Imaginary       Dec
0000000011000111       199    0000000000000000         0
1111111110001000      -120    1111111111100000       -32
1111111110110000       -80    1111111100001011      -245
0000000000111010        58    1111111101001111      -177
1111111101011001      -167    0000000000000000         0
0000000000111011        59    0000000010110001       177
1111111110110000       -80    0000000011110100       244
1111111110001010      -118    0000000000011110        30
            Real       Dec           Imaginary       Dec
0000000010111011       187    0000000000000000         0
0000000010010110       150    1111111001110101      -395
0000000000000010         2    0000000001100101       101
1111111111010010       -46    1111111110001111      -113
1111111111110111        -9    0000000000000000         0
1111111111010100       -44    0000000001110000       112
0000000000000001         1    1111111110011011      -101
0000000010010101       149    0000000110000111       391
            Real       Dec           Imaginary       Dec
1111111111011100       -36    0000000000000000         0
0000000000100010        34    1111111101101111      -145
1111111111011010       -38    1111111011100001      -287
1111111101110101      -139    0000000100010010       274
1111111100101000      -216    0000000000000000         0
1111111101110110      -138    1111111011101110      -274
1111111111011010       -38    0000000100011101       285
0000000000100010        34    0000000010001111       143
            Real       Dec           Imaginary       Dec
0000000000111000        56    0000000000000000         0
0000000100000000       256    0000000011110001       241
1111111110000000      -128    1111111101011100      -164
0000000011000100       196    1111111111101011       -21
0000000010100111       167    0000000000000000         0
0000000011000101       197    0000000000010100        20
1111111110000000      -128    0000000010100011       163
0000000011111111       255    1111111100001111      -241
